INSERT INTO `Book_Author` (`Author_ID`, `Book_ID`)
VALUES
 (1, 1),
 (2, 2),
 (3, 3),
 (4, 4),
 (5, 5),
 (6, 6),
 (7, 7),
 (8, 8),
 (9, 9),
 (10, 10),
 (11, 11),
 (12, 12),
 (13, 13),
 (14, 14),
 (15, 15),
 (16, 16),
 (17, 17),
 (18, 18),
 (19, 19),
 (20, 20),
 (21, 21),
 (22, 22),
 (23, 23),
 (24, 24),
 (25, 25),
 (26, 26),
 (27, 27),
 (28, 28),
 (29, 29),
 (30, 30),
 (31, 31),
 (32, 32),
 (33, 33),
 (34, 34),
 (35, 35),
 (36, 36),
 (37, 37),
 (38, 38),
 (39, 39),
 (40, 40),
 (41, 41),
 (42, 42),
 (43, 43),
 (44, 44),
 (45, 45),
 (46, 46),
 (47, 47),
 (48, 48),
 (49, 49),
 (50, 50),
 (51, 51),
 (52, 52),
 (53, 53),
 (54, 54),
 (55, 55),
 (56, 56),
 (57, 57),
 (58, 58),
 (59, 59),
 (60, 60),
 (61, 61),
 (62, 62),
 (63, 63),
 (64, 64),
 (65, 65),
 (66, 66),
 (67, 67),
 (68, 68),
 (69, 69),
 (1, 70),
 (2, 71),
 (3, 72),
 (4, 73),
 (5, 74),
 (6, 75),
 (7, 76),
 (8, 77),
 (9, 78),
 (10, 79),
 (11, 80),
 (12, 81),
 (13, 82),
 (14, 83),
 (15, 84),
 (16, 85),
 (17, 86),
 (18, 87),
 (19, 88),
 (20, 89),
 (21, 90),
 (22, 91),
 (23, 92),
 (24, 93),
 (25, 94),
 (26, 95),
 (27, 96),
 (28, 97),
 (29, 98),
 (30, 99),
 (31, 100),
 (32, 101),
 (33, 102),
 (34, 103),
 (35, 104),
 (36, 105),
 (37, 106),
 (38, 107),
 (39, 108),
 (40, 109),
 (41, 110),
 (42, 111),
 (43, 112),
 (44, 113),
 (45, 114),
 (46, 115),
 (47, 116),
 (48, 117),
 (49, 118),
 (50, 119),
 (51, 120),
 (52, 121),
 (53, 122),
 (54, 123),
 (55, 124),
 (56, 125),
 (57, 126),
 (58, 127),
 (59, 128),
 (60, 129),
 (61, 130),
 (62, 131),
 (63, 132),
 (64, 133),
 (65, 134),
 (66, 135),
 (67, 136),
 (68, 137),
 (69, 138),
 (1, 139),
 (2, 140),
 (3, 141),
 (4, 142),
 (5, 143),
 (6, 144),
 (7, 145),
 (8, 146),
 (9, 147),
 (10, 148),
 (11, 149),
 (12, 150),
 (1, 146),
 (2, 10),
 (3, 19),
 (4, 28),
 (5, 37),
 (6, 46),
 (7, 55),
 (8, 64),
 (9, 73),
 (10, 82),
 (11, 91),
 (12, 100),
 (13, 109),
 (14, 118),
 (15, 127),
 (16, 136),
 (17, 145),
 (18, 1),
 (19, 14),
 (20, 27),
 (21, 40),
 (22, 53),
 (23, 66),
 (24, 79),
 (25, 92),
 (26, 105),
 (27, 118),
 (28, 131),
 (29, 144);



INSERT INTO `Book_Category` (`Category_ID`, `Book_ID`)
VALUES
 (1, 1),
 (2, 2),
 (3, 3),
 (4, 4),
 (5, 5),
 (6, 6),
 (7, 7),
 (8, 8),
 (9, 9),
 (10, 10),
 (1, 11),
 (2, 12),
 (3, 13),
 (4, 14),
 (5, 15),
 (6, 16),
 (7, 17),
 (8, 18),
 (9, 19),
 (10, 20),
 (1, 21),
 (2, 22),
 (3, 23),
 (4, 24),
 (5, 25),
 (6, 26),
 (7, 27),
 (8, 28),
 (9, 29),
 (10, 30),
 (1, 31),
 (2, 32),
 (3, 33),
 (4, 34),
 (5, 35),
 (6, 36),
 (7, 37),
 (8, 38),
 (9, 39),
 (10, 40),
 (1, 41),
 (2, 42),
 (3, 43),
 (4, 44),
 (5, 45),
 (6, 46),
 (7, 47),
 (8, 48),
 (9, 49),
 (10, 50),
 (1, 51),
 (2, 52),
 (3, 53),
 (4, 54),
 (5, 55),
 (6, 56),
 (7, 57),
 (8, 58),
 (9, 59),
 (10, 60),
 (1, 61),
 (2, 62),
 (3, 63),
 (4, 64),
 (5, 65),
 (6, 66),
 (7, 67),
 (8, 68),
 (9, 69),
 (10, 70),
 (1, 71),
 (2, 72),
 (3, 73),
 (4, 74),
 (5, 75),
 (6, 76),
 (7, 77),
 (8, 78),
 (9, 79),
 (10, 80),
 (1, 81),
 (2, 82),
 (3, 83),
 (4, 84),
 (5, 85),
 (6, 86),
 (7, 87),
 (8, 88),
 (9, 89),
 (10, 90),
 (1, 91),
 (2, 92),
 (3, 93),
 (4, 94),
 (5, 95),
 (6, 96),
 (7, 97),
 (8, 98),
 (9, 99),
 (10, 100),
 (1, 101),
 (2, 102),
 (3, 103),
 (4, 104),
 (5, 105),
 (6, 106),
 (7, 107),
 (8, 108),
 (9, 109),
 (10, 110),
 (1, 111),
 (2, 112),
 (3, 113),
 (4, 114),
 (5, 115),
 (6, 116),
 (7, 117),
 (8, 118),
 (9, 119),
 (10, 120),
 (1, 121),
 (2, 122),
 (3, 123),
 (4, 124),
 (5, 125),
 (6, 126),
 (7, 127),
 (8, 128),
 (9, 129),
 (10, 130),
 (1, 131),
 (2, 132),
 (3, 133),
 (4, 134),
 (5, 135),
 (6, 136),
 (7, 137),
 (8, 138),
 (9, 139),
 (10, 140),
 (1, 141),
 (2, 142),
 (3, 143),
 (4, 144),
 (5, 145),
 (6, 146),
 (7, 147),
 (8, 148),
 (9, 149),
 (10, 150),
 (3, 1),
 (2, 7),
 (3, 14),
 (4, 19),
 (5, 26),
 (6, 31),
 (7, 38),
 (8, 43),
 (9, 50),
 (10, 55),
 (3, 61),
 (1, 67),
 (2, 73),
 (3, 79),
 (4, 85),
 (5, 91),
 (6, 97),
 (7, 103),
 (8, 109),
 (9, 115),
 (10, 121),
 (5, 127),
 (1, 133),
 (2, 139);
